"Sequence Number";Count
0;9394
1;9353
2;9349
3;9375
4;9351
5;9312
6;9317
7;9312
8;9319
9;9363
10;9309
11;9333
12;9325
13;9339
14;9326
15;9368
16;9359
17;9335
18;9348
19;9352
20;9334
21;9335
22;9328
23;9335
24;9335
25;9366
26;9356
27;9350
28;9345
29;9332
30;9358
31;9315
32;9328
33;9349
34;9387
35;9386
36;9280
37;9359
38;9333
39;9319
40;9346
41;9308
42;9331
43;9297
44;9291
45;9284
46;9279
47;9289
48;9265
49;9257
50;9252
51;9249
52;9246
53;9295
54;9287
55;9270
56;9263
57;9277
58;9271
59;9251
60;9214
